3,2
3,1
3,3
10,149
10,217
10,219
10,195
10,263
10,199
10,107
10,1
10,23
10,2
10,3
11,30
11,11
11,10
11,28
11,20
11,23
11,1
11,29
11,2
11,3
9,7
9,1
9,5
9,2
9,3
8,4
8,17
8,14
8,16
8,18
8,1
8,10
8,2
8,3
12,2
12,1
12,3
20,2
20,1
20,3
19,2
19,1
19,3
18,1
18,3
90,4
90,3
90,2
90,1
90,0
87,5
87,4
87,3
2,2
87,2
2,1
87,1
87,0
14,1
14,3
13,1
2,3
13,3
0,0
91,34
91,33
91,32
91,31
91,30
91,29
91,28
91,27
91,26
91,25
91,24
91,23
91,22
91,21
91,20
91,19
91,18
91,17
91,16
91,15
91,14
91,13
91,12
91,11
91,10
91,9
